Project #	Project Name	Sample #	Sample Name	Naphthalene	2-methylnaphthalene	1-methylnaphthalene	2-ethylnaphthalene	"2,6-dimethylnaphthalene"	"1,4-dimethylnaphthalene"	"1,5-dimethylnaphthalene"	"1,2-dimethylnaphthalene"	"2,6-diethylnaphthalene"	fluorene	dibenzothiophene	phenanthrene	2-methylphenanthrene	1-methylphenanthrene	"3,6-dimethylphenanthrene"	fluoranthene	pyrene	retene	1-methylpyrene	triphenylene	chrysene	benzo[b]fluoranthene	benzo[k]fluoranthene	benzo[e]pyrene	benzo[ghi]perylene	benzo[b]perylene	
F15-01	Dysphagic Foal 2015	A150051(1)	15Jan_NY_water	26.44924709	5.274261603	2.566807314	0.276763406	0.947381897	0.088977084	0.092177698	0.158110357	0.004753894	0.217178128	0.02621296	0.397800595	0.109752926	0.069180754	0.002147566	0.185899337	0.60815822	0.049502838	0.012853708	0.017302554	0.002409322	0.001601268	0.002540626	0.014229092	0.001914378	0.01309697	
F15-01	Dysphagic Foal 2015	A150142(1)	15Jan_PA_water	23.64047749	2.876230661	0.017862166	0.017169582	0.017923441	0.022276277	0.020996031	0.018947638	0.005589624	0.631681536	0.105286009	1.256803007	0.163849155	0.105071521	0.033934458	0.919608425	5.735475896	0.005761106	0.002205474	0.094616497	0.002882425	0.001914388	0.003043995	0.004716607	0.002294358	0.211337479	
F15-01	Dysphagic Foal 2015	A150151(1)	15Feb_PA_Water	16.930639	2.489451477	0.018424754	0.020180665	0.02067597	0.026181027	0.024772756	0.021892203	0.007651815	0.485492381	0.164984261	1.688829041	0.345383615	0.247594278	0.051871243	1.137150203	6.576019778	0.008022874	0.003033105	0.125717289	0.003995094	0.002655569	0.004240983	0.013832739	0.003191836	0.021828284	
F15-01	Dysphagic Foal 2015	A150160(1)	15Feb_NY_Water	22.39213545	2.320675105	1.068917018	0.138381703	0.268211497	0.033222379	0.02374856	0.017155294	0.004140663	0.191910867	0.060240964	0.317006116	0.093628088	0.065019506	0.001861547	0.233362998	0.805933251	0.01984381	0.001604402	0.001638267	0.002072017	0.00137931	0.002179945	0.003388823	0.001642963	0.150482868	
F15-01	Dysphagic Foal 2015	A150175(1)	15Mar_PA_Water	26.68331123	4.451476793	0.017791842	0.016272663	0.017155294	0.021188068	0.019971835	0.01817949	0.004992674	1.269379087	0.126451753	1.009930988	0.136280884	0.113394018	0.03102579	0.731731435	4.652657602	0.005078308	0.001951174	0.095054536	0.002540739	0.001688466	0.00267935	0.015497424	0.002019325	0.181902368	
F15-01	Dysphagic Foal 2015	A150183(1)	15Mar_NY_water	52.82047281	7.876230661	3.663853727	0.239605356	0.553706312	0.050505697	0.058315197	0.01593906	0.002669995	0.374797712	0.050634972	0.230039836	0.06189857	0.030845254	0.001163467	0.101354692	0.385166873	0.007937524	0.000998705	0.001020632	0.001265989	0.00084027	0.001319857	0.002041221	0.000987949	0.088966795	
F15-01	Dysphagic Foal 2015	A150248(1)	15May_NY_Water	92.84543965	12.58790436	5.344585091	0.352360817	0.716937652	0.067853028	0.059403405	0.144667776	0.003619689	0.397658567	0.05861283	0.276608876	0.078543563	0.044109233	0.001614311	0.107782063	0.378244747	0.01843554	0.001391714	0.001419247	0.001787279	0.001189061	0.001878716	0.002917162	0.001411356	0.127662389	
F15-01	Dysphagic Foal 2015	A150249(1)	15May_PA_Water	28.5558243	3.094233474	0.017791842	0.015952335	0.016899245	0.020803994	0.019587761	0.017859429	0.004753894	0.968578356	0.159014436	1.189474275	0.17893368	0.13159948	0.043920884	1.092653021	7.367119901	0.004822259	0.01664509	0.130535722	0.002409322	0.001601268	0.002540626	0.023424495	0.001914378	0.172311152	
F15-01	Dysphagic Foal 2015	A150409(1)	15Jun_NY_water	83.48287431	15.54149086	7.032348805	0.364533282	0.915375752	0.077454871	0.078094994	0.185635642	0.003174689	0.498727613	0.046944535	0.250799529	0.059297789	0.033081925	0.001405856	0.164639573	0.662546354	0.01536295	0.001206769	0.001235271	0.001541966	0.001026556	0.001617122	0.002508918	0.001215937	0.109141421	
F15-01	Dysphagic Foal 2015	A150419(1)	15Jun_PA_Water	18.72513069	0.04556962	0.017721519	0.015567942	0.016579183	0.020355908	0.019075663	0.017539368	0.229011776	0.018769966	0.102572452	1.122145542	0.149804941	0.112353706	0.043484584	1.265697617	7.070457355	0.00448086	0.001733864	0.130535722	0.002251621	0.001498216	0.002370194	0.017756639	0.020229436	0.012203995	
F15-01	Dysphagic Foal 2015	A150653(1)	15Aug_PA_Water	10.45486463	1.012658228	0.963431786	0.013710039	0.015106901	0.017987454	0.016835232	0.01593906	0.002632007	0.137165134	0.017963747	0.114458845	0.025903771	0.018049415	0.001148924	0.071195491	0.553770087	0.002445269	0.000984834	0.00100311	0.001244086	0.000828379	0.001296076	0.004201348	0.000969855	0.006614632	
F15-01	Dysphagic Foal 2015	A150663(1)	15Aug_NY_Water	79.58180541	11.11111111	4.873417722	0.215901083	0.450646524	0.039943669	0.027141211	0.015875048	0.002425788	0.209357309	0.019103441	0.181787578	0.035578674	0.018985696	0.001051968	0.12310887	0.538936959	0.011564887	0.000901609	0.000919883	0.001130191	0.000753072	0.00117717	0.001819263	0.000879383	0.006019315	
F15-01	Dysphagic Foal 2015	A150736(1)	15Oct_NY_Water	28.63384567	3.790436006	1.701828411	0.179383689	0.35270772	0.044232493	0.019779798	0.017987454	0.004878711	0.237632578	0.023933572	0.233406273	0.049674902	0.038647594	0.002210588	0.215069712	0.746600742	0.019801135	0.001904938	0.001944895	0.002479411	0.001648831	0.00261197	0.004042806	0.001968661	0.013460775	
F15-01	Dysphagic Foal 2015	A150751(1)	15Oct_PA_Water	11.07903566	0.694796062	0.453586498	0.098020373	0.206119575	0.023684547	0.017859429	0.016387146	0.003353774	0.154611576	0.018994899	0.219940526	0.034954486	0.018517555	0.001493116	0.088499951	0.751545117	0.003260359	0.001280747	0.001309738	0.001642719	0.001093936	0.001724138	0.002671423	0.001295552	0.008863606	
F16-05	Dysphagic Foal 2016	A150909(1)	15Nov_NY_Water	16.85261762	2.243319269	1.111111111	0.120443334	0.268211497	0.03271028	0.024580719	0.019715785	0.006186574	0.171456417	0.024422012	0.265948494	0.097269181	0.059297789	0.002811712	0.216058539	0.761433869	0.017923441	0.002427409	0.002483683	0.003180305	0.002112564	0.003361078	0.005231867	0.002536822	0.017330335	
F16-05	Dysphagic Foal 2016	A150917(1)	15Nov_PA_Water	15.1361473	1.547116737	0.886075949	0.147350887	0.29317629	0.043144284	0.027653309	0.024196646	0.009171325	0.174464424	0.02718984	0.314200752	0.097269181	0.073342003	0.004217568	0.135469198	0.914709518	0.009687193	0.003648049	0.003732095	0.004818644	0.003198573	0.005112961	0.007966706	0.003835993	0.02639238	
F16-05	Dysphagic Foal 2016	A160093(1)	15Dec_PA_Water	13.0295701	0.505625879	0.294655415	0.0903325	0.184355396	0.023300474	0.022020228	0.019715785	0.006186574	0.020273969	0.035384782	0.24911631	0.0033342	0.036879064	0.002811712	0.183427272	1.315203956	0.026714463	0.002427409	0.002483683	0.003180305	0.002112564	0.003361078	0.005231867	0.002536822	0.017330335	
F16-05	Dysphagic Foal 2016	A160101(1)	15Dec_NY_Water	14.12186939	1.005625879	0.540084388	0.122365302	0.170272692	0.022724363	0.021444117	0.019267699	0.005860965	0.019973169	0.035113427	0.21657409	0.066059818	0.007698309	0.002661431	0.287748443	0.840543881	0.056330816	0.002297947	0.0133602	0.003005081	0.001997622	0.003174792	0.004954419	0.002395686	0.016371213	
F16-05	Dysphagic Foal 2016	A160265(1)	16Feb_PA_Water	14.98010455	0.94233474	0.702531646	0.200525338	0.341185508	0.025924978	0.024516707	0.021636154	0.007489011	0.021777973	0.004189732	0.181787578	0.003968791	0.009778934	0.003446771	0.112231781	0.60815822	0.041138565	0.002977622	0.003048754	0.003916243	0.002604043	0.004161712	0.006460563	0.003133934	0.021431406	
F16-05	Dysphagic Foal 2016	A160274(1)	16Feb_NY_Water	21.06577202	2.102672293	0.991561181	0.189634185	0.307258994	0.025348867	0.023940597	0.02125208	0.012807294	0.021417012	0.031748616	0.194131179	0.053576073	0.053055917	0.003311034	0.16266192	0.440049444	0.036102932	0.002862031	0.002926103	0.003758542	0.002497027	0.003963535	0.006183115	0.003003655	0.020538431	
F16-05	Dysphagic Foal 2016	A160577(1)	16Apr_PA_Water	13.0295701	0.641350211	0.403656821	0.089691844	0.14338753	0.021188068	0.019907822	0.018115478	0.007163402	0.019191087	0.035059156	0.209280144	0.058777633	0.027516255	0.002254218	0.087016711	0.504326329	0.029445654	0.001941927	0.001988699	0.002531978	0.001684503	0.002671423	0.004161712	0.002012087	0.013758434	
F16-05	Dysphagic Foal 2016	A160587(1)	16Apr_NY_Water	34.32940626	4.022503516	1.814345992	0.145428919	0.307258994	0.029829727	0.017987454	0.016707208	0.003679384	0.018288684	0.031260176	0.187398306	0.002179454	0.040676203	0.001643397	0.173539009	0.524103832	0.031024623	0.004540411	0.006658198	0.001822323	0.001212842	0.003042834	0.001914388	0.002972652	0.001440307	
F16-05	Dysphagic Foal 2016	A161062(1)	16May_PA_Water	10.14277912	1.061884669	0.70323488	0.0903325	0.202278838	0.025028806	0.016643195	0.015875048	0.002431215	1.594243877	0.204059481	2.631431297	0.281924577	0.135760728	0.035388792	0.889943637	0.350556242	0.171552938	0.000901609	0.019667966	0.027203434	0.010027745	0.004122077	0.001823226	0.000883002	0.006019315	
F16-05	Dysphagic Foal 2016	A161068(1)	16May_NY_Water	49.30951081	6.561181435	2.841068917	0.15824204	0.369350915	0.01843554	0.017219306	0.048329279	0.00308786	0.018048044	0.02811245	0.147562139	0.001908973	0.023355007	0.001362226	0.143874221	0.468726823	0.022873725	0.00116978	0.001195847	0.00149378	0.000994847	0.001565597	0.002425684	0.00117613	0.008036777	
																														0.009822728
